20 600
-1 -1 -1 -1 -1 -1 -1 -1 1 0
-1 -1 -1 -1 -1 -1 -1 -1 2 0
-1 -1 -1 -1 -1 -1 -1 -1 3 0
-1 -1 -1 -1 -1 -1 -1 -1 4 0
-1 -1 -1 -1 -1 -1 -1 1 4 5
-1 -1 -1 -1 -1 -1 -1 0 3 5
-1 -1 -1 -1 -1 -1 -1 3 2 5
-1 -1 -1 -1 -1 -1 -1 2 1 5
-1 -1 -1 0 -1 -1 -1 1 2 0
-1 -1 0 -1 -1 -1 -1 0 4 0
-1 0 -1 -1 -1 -1 -1 3 1 0
0 -1 -1 -1 -1 -1 -1 2 3 0
-1 -1 -1 -1 -1 -1 -1 -1 3 0
-1 -1 -1 -1 -1 -1 -1 -1 3 0
-1 -1 -1 -1 -1 -1 -1 -1 3 0
-1 -1 -1 -1 -1 -1 -1 -1 4 0
-1 -1 -1 -1 -1 -1 -1 -1 1 0
-1 -1 -1 -1 -1 -1 -1 -1 2 0
-1 -1 -1 -1 -1 -1 -1 -1 3 0
-1 -1 -1 -1 -1 -1 -1 -1 4 0