23 23
10 3 3 3 3 3 3 3 3 3 3 14 3 3 3 3 3 3 3 3 3 3 9 
4 0 0 0 0 0 0 0 0 0 0 4 0 0 0 0 0 0 0 0 0 0 4 
4 0 10 3 9 0 10 3 3 9 0 4 0 10 3 3 9 0 10 3 9 0 4 
4 0 4 -1 4 0 4 -1 -1 4 0 4 0 4 -1 -1 4 0 4 -1 4 0 4 
4 0 7 3 8 0 7 3 3 8 0 6 0 7 3 3 8 0 7 3 8 0 4 
4 0 0 0 0 0 0 0 0 0 0 0 0 0 0 0 0 0 0 0 0 0 4 
4 0 1 3 2 0 5 0 1 3 3 14 3 3 2 0 5 0 1 3 2 0 4 
4 0 0 0 0 0 4 0 210 0 0 4 0 0 0 0 4 0 0 0 0 0 4 
7 3 3 3 9 0 11 3 3 2 0 6 0 1 3 3 13 0 10 3 3 3 8 
-1 -1 -1 -1 4 0 4 -1 -1 -1 -1 -1 -1 -1 -1 -1 4 0 4 -1 -1 -1 -1 
-1 -1 -1 -1 4 0 6 -1 10 3 3 3 3 3 9 -1 6 0 4 -1 -1 -1 -1 
-1 -1 -1 -1 4 99 -1 -1 4 -1 -1 -1 -1 -1 4 -1 -1 -1 4 -1 -1 -1 -1 
-1 -1 -1 -1 4 0 5 219 7 3 3 3 3 3 8 0 5 -1 4 -1 -1 -1 -1 
-1 -1 -1 -1 4 0 4 0 0 0 200 0 -1 -1 -1 -1 4 -1 4 -1 -1 -1 -1 
10 3 3 3 8 0 6 0 1 3 3 14 3 3 2 -1 6 -1 7 3 3 3 9 
4 0 0 0 0 0 0 0 0 0 0 4 0 0 0 -1 -1 -1 0 0 0 0 4 
4 0 1 3 9 0 1 3 3 2 0 6 0 1 3 3 2 0 10 3 2 0 4 
4 0 0 0 4 0 0 0 0 0 0 0 230 0 0 0 0 0 4 0 0 0 4 
11 3 2 0 6 0 5 0 1 3 3 14 3 3 2 0 5 0 6 0 1 3 13 
4 0 0 0 0 0 4 0 0 0 0 4 0 0 0 0 4 0 0 0 0 0 4 
4 0 1 3 3 3 12 3 3 2 0 6 0 1 3 3 12 3 3 3 2 0 4 
4 0 0 0 0 0 0 0 0 0 0 0 0 0 0 0 0 0 0 0 0 0 4 
7 3 3 3 3 3 3 3 3 3 3 3 3 3 3 3 3 3 3 3 3 3 8 
